
folder start: Megs Faves

name:Megs Fave 1
left:0,0.025,0.0,0,0.025,0.0,1.0,1.0,-1.0,1.0,9.0,205.0,Circle,1.0,0,250.0,0,345.0,
right:0,0.025,0.0,0,0.025,1.5707963267948966,1.0,-1.0,1.0,1.0,9.0,205.0,Circle,1.0,0,250.0,0,345.0,

name:Megs Fave 2
left:0,0.025,0.0,0,0.025,0.0,1.0,1.0,-1.0,1.0,9.0,205.0,Line,1.0,0,250.0,0,345.0,
right:0,0.025,1.5707963267948966,0,0.025,3.141592653589793,1.0,1.0,1.0,1.0,9.0,205.0,VerticalLine,1.0,0,250.0,0,345.0,

folder end: Megs Faves

folder start: Chuu Chuu

name:Chuu
left:0,0.0,1.5707963267948966,0,0.025,0.0,1.0,1.0,1.0,1.0,9.0,205.0,Circle,1.0,0,248.0,0,346.0,0.0,
right:0,0.025,3.141592653589793,0,0.025,3.141592653589793,0.0,1.0,1.0,1.0,9.0,205.0,Circle,1.0,0,247.0,0,244.0,0.0,


name:Chuuuu??
left:0,0.0,1.5707963267948966,0,0.025,0.0,1.0,-1.0,1.0,1.0,9.0,205.0,HalfCircleVerticalLeft,1.0,0,248.0,0,346.0,3.141592653589793,
right:0,0.025,3.141592653589793,0,0.025,3.141592653589793,0.0,-1.0,1.0,1.0,9.0,205.0,HalfCircleHorizontalBottom,1.0,0,247.0,0,244.0,3.141592653589793,

folder end: Chuu Chuu

folder start: Malaman

name:back and forth - malaman
left:0,0.025,0.0,0,0.025,3.141592653589793,1.0,1.0,1.0,1.0,9.0,205.0,HalfCircleVerticalRight,1.0,0,248.0,0,346.0,3.141592653589793,0.0,
right:0,0.025,0.0,0,0.025,0.0,1.0,-1.0,1.0,1.0,9.0,205.0,HalfCircleVerticalLeft,1.0,0,248.0,0,346.0,3.141592653589793,0.0,


name:malaman2
left:0,0.025,0.0,0,0.025,6.283185307179586,1.0,-1.0,1.0,1.0,9.0,205.0,HalfCircleVerticalRight,1.0,0,248.0,0,346.0,3.141592653589793,0.0,
right:0,0.025,0.0,0,0.025,0.0,1.0,1.0,1.0,1.0,9.0,205.0,HalfCircleVerticalLeft,1.0,0,248.0,0,346.0,3.141592653589793,0.0,


name:malaman3
left:0,0.025,6.283185307179586,0,0.025,21.991148575128562,1.0,1.0,1.0,1.0,9.0,205.0,HalfCircleVerticalRight,1.0,0,248.0,0,346.0,3.141592653589793,0.0,
right:0,0.025,0.0,0,0.025,0.0,1.0,-1.0,1.0,1.0,9.0,205.0,HalfCircleVerticalLeft,1.0,0,248.0,0,346.0,3.141592653589793,0.0,

folder end: Malaman

folder start: Quartertime Malaman

name:quartertime malaman
left:0,0.025,1.5707963267948966,0,0.025,10.995574287564276,1.0,1.0,1.0,1.0,9.0,205.0,HalfCircleVerticalRight,1.0,0,248.0,0,346.0,3.141592653589793,0.0,0.0,
right:0,0.025,0.0,0,0.025,0.0,1.0,-1.0,1.0,1.0,9.0,205.0,HalfCircleVerticalLeft,1.0,0,248.0,0,346.0,3.141592653589793,0.0,0.0,


name:faillllllll
left:0,0.025,4.71238898038469,0,0.025,14.137166941154069,1.0,-1.0,1.0,1.0,9.0,205.0,HalfCircleVerticalRight,1.0,0,248.0,0,346.0,3.141592653589793,0.0,0.0,
right:0,0.025,0.0,0,0.025,0.0,1.0,-1.0,-1.0,1.0,9.0,205.0,HalfCircleVerticalLeft,1.0,0,248.0,0,346.0,3.141592653589793,0.0,0.0,


name:quartertime mala 2
left:0,0.025,1.5707963267948966,0,0.025,10.995574287564276,1.0,1.0,1.0,1.0,9.0,205.0,HalfCircleVerticalRight,1.0,0,248.0,0,346.0,3.141592653589793,0.0,0.0,
right:0,0.025,0.0,0,0.025,0.0,1.0,1.0,1.0,1.0,9.0,205.0,HalfCircleVerticalLeft,1.0,0,248.0,0,346.0,3.141592653589793,0.0,0.0,


name:quarter mala 3
left:0,0.025,1.5707963267948966,0,0.025,10.995574287564276,1.0,1.0,1.0,1.0,9.0,205.0,HalfCircleVerticalRight,1.0,0,248.0,0,346.0,3.141592653589793,0.0,0.0,
right:0,0.025,0.0,0,0.025,0.0,1.0,-1.0,1.0,1.0,9.0,205.0,HalfCircleVerticalLeft,1.0,0,248.0,0,346.0,3.141592653589793,0.0,0.0,


name:quartered-fire
left:0,0.025,3.141592653589793,0,0.025,1.5707963267948966,1.0,1.0,1.0,1.0,9.0,205.0,QuartersByThree,1.0,0,248.0,0,346.0,0.0,0.0,0.0,
right:0,0.025,4.71238898038469,0,0.025,3.141592653589793,1.0,1.0,1.0,1.0,9.0,205.0,QuartersByThree,1.0,0,246.0,0,346.0,0.0,0.0,0.0,


name:malaman nottime
left:0,0.025132741228718346,3.141592653589793,0,0.025132741228718346,3.141592653589793,1.0,1.0,-1.0,1.0,9.0,205.0,Circle,1.0,0,248.0,0,346.0,3.141592653589793,0.0,3.141592653589793,
right:0,0.025132741228718346,0.0,0,0.025132741228718346,3.141592653589793,1.0,-1.0,1.0,1.0,9.0,205.0,Circle,1.0,0,246.0,0,346.0,3.141592653589793,0.0,3.141592653589793,


name:malaman quartertime - off
left:0,0.025132741228718346,4.71238898038469,0,0.025132741228718346,1.5707963267948966,1.0,1.0,-1.0,1.0,9.0,205.0,Circle,1.0,0,248.0,0,346.0,3.141592653589793,0.0,3.141592653589793,
right:0,0.025132741228718346,0.0,0,0.025132741228718346,3.141592653589793,1.0,1.0,-1.0,1.0,9.0,205.0,Circle,1.0,0,246.0,0,346.0,3.141592653589793,0.0,3.141592653589793,

folder end: Quartertime Malaman


name:Lissajous Both
left:0,0.025,0.0,0,0.025,0.0,1.0,1.0,1.0,1.0,9.0,205.0,LissajousCurve,1.0,0,248.0,0,346.0,
right:0,0.025,0.0,0,0.025,0.0,1.0,1.0,1.0,1.0,9.0,205.0,LissajousCurveHorizontal,1.0,0,248.0,0,346.0,


name:Trammel Star
left:0,0.025,0.0,0,0.025,0.0,1.0,1.0,1.0,1.0,9.0,205.0,HorizontalLine,1.0,0,248.0,0,346.0,
right:0,0.025,0.0,0,0.025,0.0,1.0,1.0,1.0,1.0,9.0,205.0,VerticalLine,1.0,0,248.0,0,346.0,


name:Atomic Star Thing
left:0,0.025,1.5707963267948966,0,0.025,0.0,1.0,1.0,1.0,1.0,9.0,205.0,HorizontalLine,1.0,0,248.0,0,346.0,
right:0,0.025,1.5707963267948966,0,0.025,0.0,1.0,1.0,1.0,1.0,9.0,205.0,VerticalLine,1.0,0,248.0,0,346.0,


name:Strange 1
left:0,0.025,0.0,0,0.025,0.0,1.0,-1.0,-1.0,1.0,9.0,205.0,Circle,1.0,0,250.0,0,345.0,1.5707963267948966,
right:0,0.025,0.0,0,0.025,1.5707963267948966,1.0,-1.0,1.0,1.0,9.0,205.0,Circle,1.0,0,250.0,0,345.0,0.0,


name:Pretty Flower
left:0,0.025,3.141592653589793,0,0.025,0.0,2.0,1.0,1.0,1.0,9.0,205.0,Circle,3.0,0,248.0,0,346.0,0.0,
right:0,0.025,6.283185307179586,0,0.025,3.141592653589793,2.0,1.0,1.0,1.0,9.0,205.0,Circle,1.0,0,248.0,0,346.0,0.0,


name:Spirograph
left:0,0.025,3.141592653589793,0,0.025,0.0,2.0,1.0,1.0,0.5,9.0,205.0,Circle,4.0,0,248.0,0,346.0,0.0,
right:0,0.025,6.283185307179586,0,0.025,3.141592653589793,2.0,1.0,1.0,1.0,9.0,205.0,Circle,1.0,0,248.0,0,346.0,0.0,


name:anti-mandala
left:0,0.025,3.141592653589793,0,0.025,0.0,2.0,1.0,-1.0,0.5,9.0,205.0,Circle,4.0,0,248.0,0,346.0,0.0,
right:0,0.025,0.0,0,0.025,0.0,2.0,1.0,1.0,1.0,9.0,205.0,Circle,1.0,0,248.0,0,346.0,0.0,


name:Fail then Win
left:0,0.025,0.0,0,0.025,0.0,1.0,-1.0,1.0,1.0,9.0,205.0,FigureOfEight,1.0,0,248.0,0,346.0,6.283185307179586,
right:0,0.025,0.0,0,0.025,3.141592653589793,1.0,1.0,1.0,1.0,9.0,205.0,FigureOfEight,1.0,0,248.0,0,346.0,6.283185307179586,


name:Better Lissajous
left:0,0.025,3.141592653589793,0,0.025,0.0,1.0,-1.0,1.0,1.0,9.0,205.0,LissajousCurve,1.5,0,248.0,0,346.0,3.141592653589793,
right:0,0.025,7.853981633974483,0,0.025,6.283185307179586,1.0,-1.0,-1.0,1.0,9.0,205.0,LissajousCurve,1.5,0,248.0,0,346.0,3.141592653589793,


name:iso-anti-parallel
left:0,0.025,0.0,0,0.025,0.0,1.0,-1.0,-1.0,1.0,9.0,205.0,Circle,1.0,0,250.0,0,345.0,3.141592653589793,
right:0,0.025,3.141592653589793,0,0.025,-3.141592653589793,1.0,-1.0,-1.0,1.0,9.0,205.0,Circle,1.0,0,250.0,0,345.0,3.141592653589793,


name:LAB 2.0 - 1
left:0,0.025,0.0,0,0.025,-4.71238898038469,1.0,-1.0,-1.0,1.0,9.0,205.0,Hypocycloid45,1.0,0,248.0,0,346.0,0.0,
right:0,0.025,0.0,0,0.025,-1.5707963267948966,1.0,-1.0,-1.0,1.0,9.0,205.0,Hypocycloid45,1.0,0,248.0,0,346.0,0.0,


name:Yeah! Real Hypo
left:0,0.025,0.0,0,0.025,0.0,1.0,1.0,1.0,1.0,9.0,205.0,RealHypocycloid,1.0,0,248.0,0,346.0,0.0,
right:0,0.025,0.0,0,0.025,0.0,1.0,1.0,-1.0,1.0,9.0,205.0,Circle,1.0,0,248.0,0,346.0,0.0,


name:Yarrrrrrrr
left:0,0.025,0.0,0,0.025,0.0,1.0,1.0,1.0,1.0,9.0,205.0,RealHypocycloid,1.0,0,248.0,0,346.0,0.0,
right:0,0.025,1.5707963267948966,0,0.025,6.283185307179586,1.0,1.0,1.0,1.0,9.0,205.0,RealHypocycloid,1.0,0,248.0,0,346.0,0.0,



name:Atom me
left:0,0.025,0.0,0,0.025,3.141592653589793,2.0,-1.0,1.0,1.0,9.0,205.0,Circle,1.0,0,246.0,0,346.0,0.0,0.0,
right:0,0.025,0.0,0,0.025,3.141592653589793,1.0,-1.0,-1.0,1.0,9.0,205.0,Circle,1.0,0,246.0,0,346.0,0.0,0.0,


name:weird again
left:0,0.0,1.5707963267948966,0,0.025,0.0,1.0,1.0,1.0,1.0,9.0,205.0,FigureOfEightVertical,1.0,0,248.0,0,346.0,3.141592653589793,0.0,
right:0,0.025,3.141592653589793,0,0.025,3.141592653589793,0.0,-1.0,1.0,1.0,9.0,205.0,HalfCircleHorizontalBottom,1.0,0,247.0,0,244.0,0.0,0.0,


name:hoop thing
left:0,0.04363323129985824,4.71238898038469,0,0.04363323129985824,3.141592653589793,0.0,-1.0,1.0,1.0,205.0,205.0,Circle,1.0,0,248.0,0,346.0,0.0,0.0,0.0,
right:0,0.04363323129985824,1.5707963267948966,0,0.04363323129985824,3.141592653589793,2.0,1.0,1.0,1.0,205.0,205.0,HorizontalLine,1.0,0,248.0,0,346.0,0.0,0.0,0.0,


name:simple switch
left:0,0.025132741228718346,0.0,0,0.025132741228718346,0.0,1.0,1.0,1.0,1.0,9.0,205.0,HalfCircleVerticalLeft,1.0,0,248.0,0,346.0,3.141592653589793,0.0,0.0,
right:0,0.025132741228718346,0.0,0,0.025132741228718346,0.0,1.0,1.0,1.0,1.0,9.0,205.0,HalfCircleVerticalRight,1.0,0,248.0,0,346.0,3.141592653589793,0.0,0.0,


name:updowntrammelsidething
left:0,0.025132741228718346,0.0,0,0.025132741228718346,1.5707963267948966,1.0,1.0,1.0,1.0,9.0,205.0,HorizontalLine,1.0,0,248.0,0,346.0,0.0,0.0,0.0,
right:0,0.025132741228718346,0.0,0,0.025132741228718346,3.141592653589793,1.0,1.0,1.0,1.0,9.0,205.0,HorizontalLine,1.0,0,246.0,0,346.0,0.0,1.5707963267948966,0.0,


name:cyrille
left:0,0.025132741228718346,3.141592653589793,0,0.025132741228718346,0.0,1.0,1.0,1.0,1.0,9.0,205.0,Circle,1.0,0,248.0,0,346.0,0.0,0.0,0.0,
right:0,0.025132741228718346,3.141592653589793,0,0.025132741228718346,3.141592653589793,0.0,1.0,1.0,1.0,9.0,205.0,Circle,1.0,0,247.0,0,244.0,0.0,0.0,0.0,


name:new one via cyrille
left:0,0.025132741228718346,0.0,0,0.025132741228718346,0.0,1.0,1.0,1.0,1.0,9.0,205.0,PausedCircle,1.0,0,248.0,0,346.0,0.0,0.0,0.0,
right:0,0.025132741228718346,0.0,0,0.025132741228718346,3.141592653589793,1.0,1.0,1.0,1.0,9.0,205.0,PausedCircle,1.0,0,246.0,0,346.0,0.0,0.0,0.0,


name:dumbass
left:0,0.025,5.497787143782138,0,0.025,4.71238898038469,1.0,1.0,1.0,1.0,9.0,205.0,RealHypocycloid,1.0,0,250.0,0,345.0,0.0,2.356194490192345,0.0,
right:0,0.025,2.356194490192345,0,0.025,1.5707963267948966,1.0,1.0,1.0,1.0,9.0,205.0,RealHypocycloid,1.0,0,250.0,0,345.0,0.0,2.356194490192345,0.0,
